9.758468713839305
9.838873148486565
10.085085653106812
10.513111532226167
11.153251250554202
12.057080053529459
13.31152524205489
15.068620849002027
17.615824360799156
21.572600962622573
28.610212336978808
45.819147492483886
263.48186912045156
25.769785864455624
36.539933810372865
207.1451301762745
105.25905314271905
46.446988818888954
30.692004400300092
23.20649959875758
18.782017959226284
15.841202042385282
13.737067221617766
12.153204892824458
10.91579026225931
9.921089629244113
9.103249473943686
8.418365173933422
7.836015137237442
7.334458622487662
6.897704363536892
6.513737309250932
6.173376410617873
5.869435419177521
5.596237028607407
5.349259416094384
5.124803561538631
4.919827820274721
4.731868728274297
4.5588321747697895
4.398906903580939
4.250676200923325
4.11293401174833
3.984454022205366
3.86427401954673
3.7516876607658136
3.6459409035217467
3.546329977208795
3.452419142153109
3.3637632655692795
3.2798018751690408
3.200190715505311
3.1246506289902207
3.0527954689046166
2.984357203700678
2.9191533238286773
2.85689209648218
2.7973646104032457
2.7404543331122375
2.6859355240518443
2.6336377988972703
2.5834924319905848
2.535318198984619
2.4889696792384575
2.4444209675993944
2.401519258241219
2.360129898945576
2.320262516444517
2.281813513565759
2.2445925123109256
2.208615084698038
2.1738963085938043
2.1402735988298422
2.1076938397384803
2.0762298062863227
2.0457599673780815
2.016127369244804
1.987370709866605
1.9595037457817643
1.9324195573730591
1.9060897943950577
1.8805249698892024
1.8556565587434504
1.8314511342957447
1.8079120879991941
1.784992066490322
1.7626549843297903
1.7409088924085248
1.7197104526683558
1.6990307548121828
1.6788775942999143
1.6592066909052077
1.6400022126700513
1.6212745980340726
1.6029666392788773
1.5850790887508217
1.5676376904734877
1.5505430531928999
1.533843043498059
1.5176073766524063
1.5015439250110842
1.4859734520870693
1.4706297751958877
1.4556576177195737
1.4410249817665468
1.4266154185982423
1.4126241638312247
1.3988458164525777
1.3853103432500222
1.3721166925269919
1.3591412296035525
1.346390459627806
1.3339461264991748
1.3217042504585437
1.3096662978062956
1.2979099816658892
1.286340895032049
1.274957558175999
1.263832747076233
1.2528835882937148
1.2420986103761753
1.23155820606818
1.2211802164429033
1.2109419495356057
1.200941832476317
1.1910945579558645
1.1813461711684765
1.171839488273052
1.1624689133953583
1.1532478911886943
1.144220292120967
1.1352741687140833
1.1265759049527313
1.1178749070121958
1.109369170541231
1.1010133480440694
1.0927653349605493
1.0846450663716865
1.07666267844526
1.0687921027260792
1.0610383999668223
1.053407298651965
1.04588594109949
1.0384723443590542
1.0311710573354747
1.0239759530764376
1.0168815794107215
1.009889025384094
1.002997383017562
0.9962041524292622
0.9895013877362122
0.9828935386122005
0.9763790228135507
0.9699520175868789
0.9636098937196075
0.9573606527174111
0.9511968768312801
0.945092963464132
0.9390644453384542
0.9331386204824474
0.9272993697655068
0.9215149852152299
0.9158251337410264
0.9102215077070012
0.9046555225044829
0.899161085158697
0.8937574063340682
0.8884032637430167
0.8831149035811503
0.8779066779290001
0.8727512694026734
0.8676528175522247
0.8626328641390574
0.8576645584218148
0.852746453783553
0.8479039020895396
0.8431115721587333
0.8383646687454658
0.8336917339046976
0.8290674842387823
0.8244804708551341
0.8199664343751887
0.8155035045032558
0.8110671185866464
0.8066965595852529
0.802408451243448
0.7981393712302756
0.7939078220649654
0.7897516242590604
0.785616125550264
0.7815044424749142
0.7774509191796116
0.7734663073379546
0.7695101211839277
0.7655883252202264
0.7617246306533862
0.7578966178144605
0.754101242946505
0.7503559470891534
0.7466475007199621
0.7429705160005379
0.7393409254219092
0.7357485961682212
0.7321821929403491
0.7286623317981579
0.7251789826121409
0.7217201808151031
0.7183079285223808
0.7149275980141431
0.7115690568847883
0.7082588463469696
0.7049738931532031
0.7017119203526894
0.6985060466970429
0.6953180748833564
0.6921067159232988
0.689028182545718
0.6859538127586083
0.6828555726586915
0.6798373641954213
0.6768201437274981
0.6738533719763666
0.6708733019371673
0.6679514801040991
0.6650590685009148
0.6621739018024867
0.6593340783005853
0.6565159964935405
0.653711472095313
0.6509496964063588
0.6482051735130362
0.6454777745496972
0.6427903431093083
0.6401175481218802
0.6374643634316597
0.63484937087825
0.6322438125477077
0.6296596185765407
0.6271167298012795
0.6245763667955245
0.6220615172489843
0.6195944915727977
0.6171076437018315
0.614683975130923
0.6122344745805782
0.6098474800153073
0.6074437167363814
0.605030012807793
0.6027414893883132
0.6004010220050529
0.5980847534691197
0.5958169713481738
0.5935415908135846
0.5912901916962647
0.5890710588963636
0.586850995207254
0.5846536521274146
0.5824856075636281
0.5803219693773018
0.5781791796941901
0.5760610270036717
0.5739482505686964
0.5718568167045733
0.5697890183411151
0.5677250082407075
0.5656835783107639
0.563662751213668
0.5616480131057584
0.5596540753554021
0.5576778547262654
0.5557108704773442
0.5537598847474943
0.55182854276181
0.5499224756659761
0.5480232435145195
0.546131681293248
0.5442508059446062
0.5423926378034183
0.5405380734547371
0.5386932146392781
0.5368849871871331
0.5350800399172277
0.5332796631412603
0.5315058908854876
0.5297412038678821
0.5279804470715789
0.526246367454044
0.5245208291886098
0.5227985461079744
0.5211022457065299
0.5194140158470376
0.5177285664444107
0.5160696167650572
0.5144171112825792
0.5127664921359956
0.5111457700609969
0.5095279898799298
0.5079120721662498
0.5063235901909833
0.5047475960747826
0.5031603609306425
0.5015885851811407
0.5000400683812758
0.49849500088498794
0.4969568252811964
0.4954500372935543
0.4939544586037386
0.49245279270493153
0.4909598679863136
0.48948586925481335
0.4880189296643551
0.4865574875201371
0.4851104757081137
0.48367217937711604
0.4822412137553079
0.4808225964972425
0.47941382063587146
0.4780088896352024
0.476620461070233
0.4752399218935138
0.4738615457477952
0.4725007680505488
0.47114619728256574
0.46979466226223937
0.4684631824064731
0.4671333059792496
0.4658053235766
0.4645062704736421
0.4631952810118835
0.46189833772078487
0.46064272192943734
0.45932904501553495
0.4580815852213632
0.45679832328339603
0.45554409136365
0.45430633360643347
0.4530487807677848
0.45184132317626996
0.45061780724355566
0.4493912805380441
0.4481972725027209
0.4469966737026113
0.4457957955600763
0.44462240524844115
0.44344370421149404
0.44226609537706063
0.44111348137414746
0.43995629392404767
0.4388027902136931
0.43766888324409187
0.4365325582855674
0.4353987972720703
0.43428692036493616
0.43317197107913813
0.43205480806903895
0.43096404952301837
0.4298721936378442
0.42876628446750403
0.4276917502573459
0.42661824400380016
0.42555100241053245
0.4245000833451108
0.42343925256871917
0.42241590374188326
0.42135238892985705
0.42031284302812155
0.41928768348351797
0.4182619158587999
0.41723616495066457
0.4162283111267011
0.41522057681217805
0.41421570471717517
0.4132244132681736
0.41223315159034735
0.41124587135270146
0.4102720543478138
0.40929808980638904
0.40832815571813846
0.4073708939992955
0.40641296846490926
0.40546093303815584
0.40451912434647436
0.4035783453923221
0.4026407703401847
0.4017165914267224
0.4007930736549236
0.3998736933033811
0.3989655524241181
0.3980511728359042
0.3971386422923235
0.39624145262077903
0.3953531945925877
0.39445970361767196
0.3935832081248671
0.3927140576610136
0.3918348453931679
0.39096589477660704
0.3901058713539649
0.38924271874552313
0.38839023673385614
0.3875416864091262
0.3866945380632197
0.38585359856657175
0.38501855749370134
0.3841865539441097
0.3833589333798895
0.3825364472911022
0.3817175183083984
0.3809035909278379
0.38009436238916783
0.3792874917576726
0.37848506794196585
0.37768946174342244
0.376896717339378
0.3761059895005151
0.37531860616737395
0.3745523203523243
0.3737787827115255
0.37300414638614965
0.37224772135144774
0.3714778668247782
0.37070838755263724
0.36994741473929843
0.36920244830407584
0.368452965938924
0.367704402394173
0.3669681236024256
0.3662316353193597
0.36549789880529004
0.3647719709194793
0.36404686027121225
0.363324977107522
0.3626094351526554
0.36189633127897486
0.3611847492895865
0.3604805083404843
0.3597786593309124
0.3590777639575413
0.3583837887126983
0.35769131542350124
0.35700149552360905
0.3563218047301231
0.35564232579537053
0.3549621626192849
0.3542805403548044
0.3536116285190774
0.35293768663318703
0.3522833430804964
0.3516123010468403
0.35096060226562975
0.3503322117359762
0.34965884359130595
0.3490147024200311
0.348368984564148
0.34772436611060187
0.34708670703080363
0.34645033060941954
0.3458171595490261
0.3451887808137061
0.34456207870518146
0.34394003155638997
0.3433211477121409
0.3427026441630803
0.34208742559974203
0.3414771017073137
0.34086786215333154
0.34026244477301015
0.33966215564986535
0.3390615967379732
0.33846733947317786
0.3378773261425904
0.33728346403988635
0.336697340782346
0.3361178850518283
0.33555399573329875
0.3349373395908889
0.33437408263206647
0.3338167242300037
0.3332101883328396
0.332656340219213
0.3320995001498385
0.331533666055172
0.3309721044285621
0.330416749584311
0.32986283807131406
0.3293105663856451
0.3287634173373211
0.328218229088544
0.327674331386212
0.3271336822386611
0.3265945453397948
0.32605806578417235
0.32552456142651215
0.3249934245964435
0.3244656611070213
0.3239375241375386
0.3234140916107258
0.32289337465190965
0.3223744461835658
0.3218586428403324
0.3213425828664753
0.320830160924799
0.3203191884527454
0.3198111766477573
0.3193159088205142
0.31881336193009896
0.3183128105105446
0.3178152068324654
0.31731877551532944
0.3168193462785469
0.3163259167724392
0.31584321097668266
0.31535306859426454
0.31486783492348347
0.3143895611888842
0.31390739154841185
0.31342756007368505
0.3129578668864259
0.3124834709492196
0.3120085398721026
0.3115448151571031
0.3110781320705646
0.3106097956320126
0.3101526067421143
0.30969178644424383
0.30922903747573205
0.30878053660591115
0.3083254671947975
0.3078699738455519
0.30742486892763293
0.3069819870823331
0.3065285922956521
0.3060791255925883
0.3056377404063805
0.3051974079392683
0.304753511606471
0.3043243809187527
0.3039013703506679
0.3034667676416093
0.3030323168368874
0.3026102747532133
0.302185226178577
0.30175592306661125
0.30133649449900685
0.3009181101969134
0.30049601981288393
0.3000806703455424
0.29966916489452006
0.29925046964208024
0.29884071525392997
0.29843432709752027
0.29802142629072204
0.29761743439540617
0.29721509987243844
0.2968083706044342
0.29641243753918
0.2960137598325342
0.295609539496739
0.29522465354088434
0.29482529263649804
0.2944322267577454
0.29406252243858355
0.29365033667912893
0.29328209234810376
0.2928811808017163
0.29249841943780786
0.2921235753004892
0.2917304890002451
0.2913671337636165
0.29099029328397313
0.2906085899632982
0.2902446147325979
0.28987137103464
0.2894964896517894
0.2891376855875883
0.28876868713963444
0.28839848948771235
0.28804450566168016
0.2876807167138186
0.28731622975221605
0.2869642981430971
0.28660666711249616
0.2862457724782049
0.28589886732840286
0.2855473322733028
0.2851885737088389
0.2848457339420987
0.2845012052236039
0.28414210966564757
0.2837990724277381
0.2834589535112944
0.28311664551195254
0.28278206676546846
0.2824434449361616
0.2821194359045729
0.28177288638527176
0.28143662903022093
0.28110618037790364
0.28077624547825114
0.2804400714247548
0.28011448196743294
0.27978832716424334
0.27945893703337726
0.27913691283407593
0.2788147297536879
0.27848985056552045
0.2781717456065884
0.27785460716953747
0.27753449128478286
0.27721877564308856
0.27690541204396846
0.2765925832375343
0.27627993354585545
0.27597101041080063
0.27566181554655933
0.27535516050026115
0.27504971178125087
0.27474655417028954
0.2744444911232777
0.2741376023184361
0.2738328948426861
0.2735312582027975
0.2732365120479326
0.27293707211101526
0.2726443596222523
0.27235633438790124
0.2720603690594583
0.2717677963820065
0.2714797215581471
0.27118812901738926
0.2709011283010353
0.2706151519257643
0.27032875548420104
0.27004308648277714
0.2697615539150624
0.2694799347972448
0.2691970179444973
0.2689191247249245
0.2686410646316216
0.26836076249777774
0.2680864615327179
0.2678122038196843
0.2675333714306063
0.2672625160110889
0.2669955642214147
0.2667195964945787
0.26644406037279056
0.2661947337675252
0.2659266903612153
0.2656523074773658
0.2654024603032037
0.2651354165591474
0.2648651519534129
0.2646004595755721
0.26434681016504236
0.26408602162309763
0.2638253027911376
0.26357237492976365
0.26331601306166863
0.2630607860172501
0.2628097224194053
0.26255705660592915
0.2623062398794214
0.26205904039469263
0.26181116529559295
0.26156210531466906
0.2613172973954457
0.26107254498811555
0.2608273166250065
0.2605859199315824
0.2603431692892454
0.2601017316632844
0.25986473313165015
0.25962298081089963
0.25938931778312735
0.25915385745299924
0.2589132759328536
0.25866506637293474
0.2584468189213675
0.2582201567341626
0.2579777227145996
0.257755246540107
0.2575258553461407
0.25730168316321045
0.2570646518646332
0.25683960921118176
0.2566167553976784
0.25638790199998945
0.25616638521622864
0.2559442937259313
0.2557189178083232
0.2555007897427525
0.25528089936390763
0.25505923504303735
0.25484357942029406
0.2546268339305459
0.25440891445242736
0.25419660751644213
0.25398181766756894
0.2537660135021522
0.25355909892313455
0.2533474811534515
0.25313451605794524
0.25293257371187244
0.2527210528089477
0.25252343270369254
0.25230725383294006
0.25210738988546433
0.2518970157153708
0.25167875756691305
0.25149375377937916
0.25128570368475245
0.25108390835077604
0.2508907975932954
0.2506882275231201
0.25049156411378587
0.2502993469475504
0.25009978117977705
0.24990441709654818
0.24971360999310904
0.24951803799512406
0.2493252094322282
0.2491356462844008
0.2489424275969767
0.24875339883201064
0.24856728884791315
0.24837522761856587
0.24818995811042194
0.24800488680286695
0.24781648619748886
0.24763401931943102
0.24744836492420014
0.24726180032302766
0.2470807575830693
0.24689801330633898
0.246721533924076
0.2465450789453321
0.2463676044302407
0.24618495565137039
0.24601023062159091
0.24583216814087516
0.24564905195125628
0.24547962256199773
0.24530701196432178
0.24512978650745476
0.2449597238287539
0.2447902045833587
0.24461512303172872
0.2444481744313021
0.24428050825668335
0.24410784474277405
0.2439438764838258
0.24377896139018534
0.24360954825947795
0.2434490630222148
0.24328547725966929
0.24311778563145386
0.24296245195113242
0.24279998502935368
0.24263536712043565
0.24247928183703538
0.24232538536508674
0.24215899147147135
0.24199755300411918
0.24184049949140454
0.2416832235461825
0.24152375512247184
0.24137388133717794
0.2412274753431791
0.24107324398185817
0.24091805828361623
0.24076925135607033
0.2406194498496709
0.24046697215645257
0.24031810069023446
0.24017014481613042
0.24002135350374554
0.23987457211905436
0.239729079195831
0.23957954605318318
0.23943702331540762
0.2392939230820822
0.2391457144814169
0.23900613946505528
0.23886479358979218
0.23871853194184345
0.23858302079130148
0.2384428521959276
0.23829540759923204
0.23816693365931552
0.2380235212221359
0.23788556636171332
0.2377657731916985
0.237610457581892
0.23749301787200322
0.23734445258714146
0.23721140461457096
0.237084555244798
0.23694125353214468
0.23682098607804974
0.2366905493012073
0.23655470461243894
0.2364320525700617
0.23630323240917284
0.23617167625977667
0.23605068062450585
0.23592340483669474
0.23579445624672452
0.2356742201041096
0.23554865664993188
0.23542432257024262
0.23530392215094303
0.23518087994563303
0.23505841774831981
0.23494123078964155
0.23481982402161283
0.23469632796384027
0.23458147168239873
0.23446431660604708
0.2343381924985479
0.23422028455041097
0.2341068512472931
0.2339919830560962
0.2338797811819467
0.23376700195757028
0.23366372799936955
0.23354299669437784
0.23342775478154998
0.23331932081122203
0.23320952571207434
0.23309266254981773
0.232986963255307
0.23287783718278962
0.23276577480432617
0.23266160248113057
0.23255335531480847
0.23244405717171757
0.23234242204809818
0.23223579129424687
0.23212838028370425
0.23202849283114904
0.2319235193949598
0.23181969928326454
0.23172176171061995
0.23161984393149224
0.23151528568404137
0.2314211436479317
0.2313228501467243
0.23122209927337262
0.2311283785924013
0.23102886265917963
0.2309281040162092
0.23083060161398922
0.23073802253043452
0.23064041898599466
0.23055002601383995
0.2304602543011128
0.23036374936775222
0.23027318477984618
0.23018206652802645
0.2300883826987737
0.2300015688276757
0.22991062161893272
0.2298202214822064
0.22973312695103332
0.22964410294180113
0.22955626524947323
0.22947020418660288
0.22938159948935957
0.2292952630891897
0.22921250006942914
0.22912605632354668
0.22904073594815968
0.2289596034475786
0.22887453685204487
0.22879155796992678
0.22871266966736878
0.22862324660462013
0.22855299235560156
0.2284763449012433
0.22839426125763704
0.228324305739323
0.22823919242666763
0.22815980284928858
0.22807814044578317
0.22800576593203503
0.22792961753347993
0.22785092728423878
0.22777951063788104
0.22770590553479295
0.22763125111715168
0.22756028328323505
0.22748785089785187
0.2274155353553233
0.22734681159458597
0.22727709249353922
0.22720589305754868
0.22713947476073162
0.22707157502778172
0.22700257116550787
0.22693801006975792
0.22686959686630262
0.22680118032348312
0.2267406383518494
0.2266739649614805
0.2266076873714138
0.22653797321782967
0.2264819144248995
0.22641607981458942
0.22634889879546086
0.22628847780443212
0.22623309374531442
0.22617979374383324
0.22610990965766542
0.22605522476619033
0.2259957393602092
0.22593636921138088
0.2258796456002028
0.22582062088830485
0.22576268850155082
0.22570581435955683
0.22564840365444394
0.22559402087008346
0.2255402030569341
0.22548523209267402
0.22543210711871317
0.22538119436247303
0.2253280571436781
0.22527635435916263
0.22522616922676594
0.22517230750666173
0.2251234224262185
0.2250758106368497
0.22502213984564287
0.22497651948253808
0.22493558683875536
0.2248965701634907
0.22483086662206977
0.2247952088348168
0.224754683160447
0.22468715839347786
0.22465167064210512
0.22461412759694563
0.22456782602566913
0.22452461121681144
0.22448601836426282
0.22444375738727076
0.22440051390978527
0.22436104416971328
0.2243208788766374
0.22428082051183712
0.2242435183678775
0.22420526744973293
0.22416705540532092
0.22413038930132348
0.22409415641908023
0.2240583489325854
0.22402081594082035
0.22398671199105136
0.22395108638210953
0.2239165027104856
0.2238843889520483
0.22384768145061332
0.22381366527471583
0.22378251209405617
0.22374894056765657
0.22372250091782958
0.22369289460430447
0.2236651585758519
0.2236349033234479
0.22360446075268886
0.22357328999686518
0.22354401536163795
0.22351912819964434
0.22349026939355907
0.22346482248159028
0.22344053123560567
0.22341349817154102
0.2233877724489601
0.22336737818371635
0.22334232930574183
0.22331681721950575
0.22329854224527462
0.22327638793508256
0.22325259107118203
0.22323611572792904
0.22321496474301977
0.22319215126029474
0.22317951686087545
0.22315883698779
0.22313861842146246
0.2231240330426743
0.22311228483349096
0.22308880117019386
0.22306989805522287
0.2230526236174622
0.22303812946182278
0.22301957067004372
0.2230081911534491
0.2230040642428529
0.22298882951514676
0.22297225357107917
0.2229663070442126
0.22295538036861656
0.22293955418121517
0.22293250737239012
0.22292397871670094
0.22291016009556294
0.2229033330706675
0.2228981095931391
0.2228840422989384
0.22287987378154295
0.2228764825226906
0.22286396145256823
0.22286078974112175
0.22285740149068298
0.2228469326340539
0.2228474764640743
0.22284431671789837
0.22283209996283285
0.22283984378110483
0.22283270447362988
0.22283063950747423
0.2228447460830802
0.22282699539606327
0.22284474608396315
0.22283063950788984
0.22283270447321327
0.22283984378176108
0.2228320999632898
0.22284431671780008
0.22284747646446793
0.22284693263451197
0.22285740148886496
0.22286078974193452
0.2228639614527794
0.22287648252177483
0.22287987378188223
0.2228840422980063
0.22289810959245548
0.22290333307015897
0.22291016009585435
0.22292397871578284
0.222932507373619
0.22293955418211922
0.2229553803701604
0.22296630704416057
0.2229722535720031
0.2229888295141119
0.22300406424203956
0.2230081911540274
0.2230195706696684
0.22303812946224671
0.22305262361743855
0.22306989805497296
0.22308880117007446
0.22311228483369752
0.22312403304232867
0.22313861842155763
0.2231588369878908
0.22317951686144216
0.2231921512610319
0.22321496474348515
0.22323611572825958
0.22325259107143622
0.22327638793401008
0.22329854224546092
0.2233168172193404
0.22334232930386408
0.22336737818356503
0.22338777244803137
0.22341349817134462
0.22344053123956018
0.22346482248044913
0.22349026939333472
0.22351912820058575
0.22354401536055812
0.2235732899963537
0.22360446075388601
0.22363490332335104
0.22366515857518007
0.2236928946064882
0.22372250091804527
0.22374894056565692
0.22378251209432504
0.22381366527544053
0.2238476814506533
0.22388438895195742
0.22391650270896268
0.22395108638209182
0.223986711990833
0.22402081594007858
0.22405834893157336
0.22409415641966526
0.22413038930504497
0.22416705540115275
0.22420526745283226
0.22424351837073356
0.224280820512223
0.2243208788787107
0.22436104417363653
0.2244005139072218
0.22444375738454153
0.2244860183686176
0.22452461121469042
0.2245678260332209
0.22461412759695126
0.2246516706475138
0.22468715840426232
0.22475468315457145
0.2247952088343058
0.22483086662619783
0.22489657016010997
0.2249355868360941
0.22497651948289157
0.2250221398438011
0.22507581063322118
0.22512342242638098
0.22517230750449158
0.22522616922405747
0.22527635435910795
0.22532805714401244
0.22538119436103202
0.22543210711789324
0.22548523209577323
0.22554020305651043
0.22559402087202424
0.22564840365528022
0.22570581436073212
0.22576268850178002
0.22582062088676008
0.2258796455933023
0.2259363692197017
0.22599573936684733
0.22605522476588943
0.2261099096652162
0.22617979374651725
0.22623309375003622
0.22628847780291886
0.2263488987941625
0.22641607981775655
0.2264819144238693
0.22653797321743996
0.22660768737158418
0.22667396495974498
0.22674063835115343
0.22680118032358101
0.2268695968646068
0.22693801006916434
0.2270025711679465
0.22707157503377975
0.2271394747589218
0.2272058930603051
0.22727709249353165
0.22734681159401923
0.2274155353569278
0.22748785089776383
0.22756028328493752
0.22763125111763205
0.22770590553398276
0.22777951063866403
0.22785092728402073
0.22792961753295496
0.22800576593358174
0.22807814044480856
0.22815980285043694
0.22823919242847582
0.22832430573964624
0.22839426125858778
0.2284763449033773
0.2285529923562163
0.2286232466051978
0.2287126696708737
0.22879155797004208
0.22887453685226133
0.22895960344775698
0.22904073594609772
0.229126056323164
0.22921250006838845
0.22929526308811696
0.22938159949017556
0.22947020418620306
0.22955626524973072
0.22964410294251214
0.22973312695261927
0.22982022148145356
0.22991062161987366
0.23000156882864872
0.23008838270080728
0.23018206652914533
0.2302731847804328
0.23036374935706744
0.23046025430113043
0.23055002601414695
0.23064041898591153
0.23073802253129772
0.23083060161619637
0.2309281040091895
0.2310288626573844
0.23112837859219104
0.23122209927225817
0.23132285014665477
0.2314211436541654
0.2315152856836665
0.23161984393274498
0.23172176171044356
0.23181969928244647
0.23192351939517195
0.2320284928296712
0.23212838028348642
0.23223579129475388
0.23234242204967023
0.23244405717170766
0.23255335531470803
0.2326616024820562
0.23276577480450186
0.23287783718151983
0.2329869632541282
0.23309266255118105
0.23320952571231918
0.23331932081244036
0.2334277547831958
0.23354299669307543
0.23366372799990542
0.23376700195853414
0.23387978118127534
0.2339919830568892
0.2341068512471204
0.23422028454891444
0.2343381925014363
0.23446431660627354
0.23458147167966925
0.23469632796284287
0.23481982402045415
0.23494123079330043
0.23505841774896724
0.23518087994401848
0.23530392215416074
0.23542432257126444
0.23554865664892782
0.23567422010415986
0.23579445624881434
0.23592340483827556
0.23605068062489448
0.23617167625956526
0.23630323240791992
0.2364320525697825
0.2365547046130643
0.23669054930065048
0.23682098607829272
0.23694125353294532
0.23708455524712713
0.23721140461366544
0.2373444525859776
0.23749301787548394
0.23761045757728716
0.23776577319302347
0.23788556636276367
0.2380235212234159
0.23816693366048153
0.2382954075998569
0.2384428521943954
0.23858302079226215
0.23871853194174386
0.23886479359184448
0.2390061394656858
0.2391457144799941
0.23929392308283004
0.23943702331508193
0.23957954605441859
0.23972907919784425
0.2398745721213363
0.24002135350105647
0.24017014481934323
0.24031810069696039
0.24046697215663995
0.2406194498557108
0.24076925135358365
0.2409180582811485
0.24107324398859006
0.24122747533677863
0.2413738813395821
0.24152375512369123
0.24168322354143884
0.24184049949702455
0.24199755300344597
0.2421589914726684
0.24232538538145804
0.24247928183522244
0.24263536709603475
0.2427999850215415
0.24296245193514157
0.24311778560289207
0.2432854772573137
0.24344906302746902
0.24360954825249073
0.24377896138912408
0.24394387648915464
0.24410784474232536
0.2442805082600906
0.24444817443633451
0.24461512303103566
0.24479020459155423
0.24495972383367884
0.24512978651258707
0.2453070119643736
0.24547962256292016
0.24564905195400366
0.24583216813912945
0.24601023062210747
0.2461849556540918
0.2463676044279298
0.24654507894577005
0.24672153392471688
0.24689801331361216
0.24708075760040166
0.24726180031428127
0.24744836490637664
0.24763401931518553
0.24781648617034335
0.24800488678030821
0.2481899581124682
0.2483752276162478
0.24856728883920615
0.2487533988350464
0.24894242759610016
0.2491356462815328
0.24932520943783865
0.2495180379930952
0.24971360999550435
0.2499044170973181
0.25009978117592113
0.250299346949873
0.250491564119598
0.2506882275225818
0.2508907975939765
0.2510839083510224
0.2512857036828852
0.25149375378243166
0.2516787575636298
0.25189701571522227
0.25210738988773945
0.25230725383139846
0.25252343270368566
0.2527210528065912
0.2529325737102353
0.25313451605758425
0.25334748115439765
0.2535590989214534
0.25376601350264383
0.2539818176654913
0.2541966075190587
0.2544089144549538
0.25462683393350355
0.2548435794213162
0.25505923504330613
0.2552808993567536
0.2555007897415452
0.2557189178058633
0.25594429372380034
0.25616638521875196
0.25638790200470124
0.25661675539564227
0.2568396092139708
0.2570646518641
0.25730168316381136
0.2575258553455412
0.25775524654028553
0.2579777227152581
0.2582201567352165
0.2584468189198369
0.2586650663750691
0.25891327593151053
0.2591538574518084
0.2593893177757902
0.25962298081044943
0.25986473312784986
0.26010173166461886
0.2603431692868092
0.26058591993691943
0.26082731662413317
0.26107254498812993
0.26131729739522647
0.26156210531616975
0.26181116529246845
0.2620590403930514
0.26230623987963186
0.2625570566052374
0.2628097224196838
0.2630607860177352
0.26331601305779717
0.2635723749306397
0.2638253027906111
0.26408602161421146
0.26434681016327216
0.2646004595753483
0.26486515195321775
0.2651354165600395
0.2654024603049995
0.2656523074787704
0.2659266903597618
0.2661947337668545
0.2664440603802414
0.2667195964939778
0.26699556422327425
0.267262516016316
0.26753337143061134
0.26781220381990134
0.2680864615342802
0.2683607624948735
0.26864106463066284
0.26891912472306606
0.26919701794459405
0.2694799347967539
0.26976155391389184
0.27004308647592506
0.27032875549096536
0.270615151921036
0.2709011283024916
0.27118812901742173
0.27147972156064126
0.2717677963835179
0.2720603690569549
0.272356334385391
0.2726443596234802
0.27293707210831886
0.2732365120463513
0.27353125820191027
0.2738328948425017
0.27413760231878626
0.2744444911214605
0.274746554168382
0.27504971178103144
0.27535516049979053
0.2756618155458737
0.27597101041165184
0.27627993354304564
0.2765925832376607
0.2769054120476442
0.277218775642231
0.27753449127814295
0.2778546071697664
0.27817174560553537
0.27848985056624254
0.27881472975170146
0.27913691283759745
0.2794589370384278
0.27978832716377183
0.28011448197031397
0.28044007142547545
0.2807762454796034
0.2811061803797712
0.28143662903309474
0.28177288638462533
0.2821194359050229
0.28244344493734674
0.282782066766178
0.28311664551189275
0.28345895350706773
0.283799072426463
0.28414210966517695
0.2845012052253434
0.28484573394368506
0.285188573709139
0.28554733227248946
0.28589886733191866
0.2862457724816553
0.2866066671109544
0.28696429815372243
0.28731622975307997
0.28768071670807577
0.2880445056777795
0.28839848947750496
0.2887686871395381
0.28913768558176994
0.2894964896376391
0.28987137103150423
0.2902446147181713
0.290608589972013
0.29099029328100745
0.2913671337609347
0.2917304890024967
0.2921235752971825
0.2924984194365248
0.2928811807976457
0.29328209234590324
0.29365033667983903
0.2940625224417013
0.29443222675628095
0.29482529262452617
0.295224653541618
0.29560953949787605
0.2960137598261903
0.29641243753976737
0.29680837060738047
0.2972150998741662
0.29761743440054395
0.2980214262917503
0.2984343270954305
0.29884071526530864
0.29925046963264085
0.2996691648860932
0.3000806703443647
0.30049601980574603
0.3009181101797095
0.3013364945095431
0.3017559230671094
0.3021852261755157
0.30261027475828817
0.3030323168316361
0.3034667676378572
0.3039013703538337
0.3043243809098187
0.30475351160443254
0.30519740793871775
0.30563774040176095
0.30607912559227674
0.30652859229841556
0.3069819870767476
0.30742486892870746
0.30786997384714865
0.3083254671961516
0.3087805366087167
0.30922903747587926
0.30969178644578643
0.3101526067420065
0.3106097956335171
0.31107813206882756
0.3115448151537472
0.31200853986802407
0.31248347094896084
0.31295786688145494
0.31342756007279265
0.31390739154962216
0.3143895611863336
0.31486783491948817
0.3153530685959258
0.31584321097449386
0.316325916771287
0.3168193462792233
0.3173187755132047
0.3178152068321421
0.31831281051396715
0.318813361927832
0.31931590882231115
0.3198111766458627
0.3203191884565298
0.3208301609247884
0.3213425828585472
0.3218586428420219
0.3223744461818673
0.3228933746490686
0.32341409161219203
0.3239375241363894
0.32446566111839453
0.32499342459781794
0.32552456143029435
0.3260580657826868
0.3265945453393317
0.327133682237516
0.32767433138523616
0.3282182290882412
0.32876341733558756
0.3293105663863802
0.32986283807031136
0.33041674958019723
0.3309721044297698
0.3315336660556393
0.33209950014994843
0.3326563402152227
0.33321018833163824
0.33381672423262626
0.33437408263583174
0.33493733958957783
0.33555399573713157
0.33611788505102996
0.3366973407846197
0.3372834640428433
0.33787732614075305
0.33846733948343505
0.33906159673857805
0.33966215564930696
0.34026244477274536
0.3408678621526695
0.3414771017023529
0.34208742559791905
0.3427026441627764
0.34332114771144606
0.3439400315560902
0.3445620787011951
0.34518878080462917
0.34581715954838055
0.34645033060979347
0.347086707033086
0.34772436610820406
0.34836898456333004
0.3490147024205899
0.34965884359033933
0.3503322117347982
0.3509606022667003
0.35161230104406643
0.3522833430829644
0.35293768663150216
0.35361162851681105
0.35428054035548084
0.35496216261887303
0.35564232579161603
0.35632180473849895
0.35700149553164495
0.357691315423612
0.3583837887128423
0.35907776395759966
0.359778659326881
0.3604805083408448
0.36118474928862415
0.361896331278132
0.3626094351524045
0.36332497710548306
0.36404686027119454
0.3647719709185777
0.3654978988026864
0.36623163532076725
0.36696812359627695
0.36770440239281393
0.36845296593953103
0.3692024483046189
0.369947414739161
0.3707083875522473
0.3714778668244199
0.3722477213510147
0.37300414638602103
0.37377878271762677
0.3745523203494125
0.37531860616564705
0.37610598950047097
0.3768967173407246
0.3776894617429762
0.3784850679416286
0.37928749175840365
0.3800943623885675
0.3809035909317434
0.3817175183039295
0.38253644729040526
0.38335893338104454
0.38418655395098844
0.38501855749391717
0.3858535985647793
0.386694538061041
0.3875416863957506
0.3883902367331128
0.38924271874356997
0.39010587135295915
0.3909658947685513
0.3918348453893281
0.3927140576623278
0.3935832081218543
0.39445970361602734
0.3953531945981695
0.3962414526202665
0.39713864229466317
0.3980511728406379
0.39896555242409953
0.3998736933036246
0.40079307364995553
0.40171659143049515
0.4026407703392211
0.40357834539364346
0.4045191243437921
0.4054609330424177
0.406412968469946
0.4073708939960811
0.4083281557218561
0.40929808980890675
0.4102720543444939
0.41124587135411245
0.41223315159026946
0.413224413264835
0.4142157047107751
0.41522057680892754
0.41622831112643066
0.41723616494657895
0.41826191585910333
0.4192876834805095
0.420312843031692
0.42135238892958954
0.42241590374331434
0.4234392525688082
0.4245000833512104
0.42555100241652916
0.42661824400567616
0.42769175025503287
0.42876628446052917
0.42987219363672285
0.43096404953244244
0.43205480806650304
0.4331719710799936
0.4342869203700217
0.4353987972711156
0.4365325582838154
0.4376688832527819
0.4388027902134309
0.43995629392532415
0.4411134813757946
0.44226609537645045
0.4434437042106703
0.4446224052489268
0.44579579555922066
0.4469966737040292
0.44819727250256985
0.4493912805340975
0.4506178072446499
0.45184132317545983
0.45304878076924715
0.4543063336097481
0.45554409136452834
0.45679832328424635
0.45808158522258896
0.4593290450148708
0.46064272193126754
0.4618983377171814
0.4631952810100238
0.46450627047455856
0.4658053235763144
0.467133305976083
0.46846318240913937
0.46979466226296773
0.471146197283686
0.47250076805175345
0.47386154574869604
0.4752399218943654
0.4766204610710512
0.47800888963547306
0.47941382063716387
0.48082259649560294
0.48224121376001255
0.483672179376276
0.48511047570894356
0.48655748751979583
0.48801892966443894
0.4894858692548926
0.4909598679878697
0.4924527927051398
0.49395445860426457
0.4954500372919087
0.49695682528068447
0.4984950008848813
0.5000400683800635
0.5015885851810291
0.5031603609280044
0.5047475960738914
0.5063235901922744
0.5079120721651579
0.5095279898792677
0.5111457700613873
0.512766492136859
0.5144171112826762
0.5160696167645763
0.5177285664443884
0.5194140158494497
0.5211022457042386
0.5227985461062705
0.524520829188579
0.52624636745338
0.527980447071492
0.5297412038671195
0.5315058908856793
0.5332796631419715
0.5350800399180276
0.5368849871877289
0.5386932146400615
0.5405380734593355
0.542392637800777
0.5442508059455374
0.546131681292286
0.5480232435146013
0.5499224756673797
0.5518285427582921
0.5537598847459733
0.5557108704796058
0.55767785472793
0.559654075355923
0.5616480131060794
0.5636627512118649
0.5656835783091693
0.5677250082399163
0.5697890183397628
0.5718568167077315
0.5739482505687657
0.5760610270039317
0.5781791796932007
0.5803219693724948
0.5824856075654534
0.5846536521281273
0.5868509952097699
0.5890710588969907
0.5912901916964919
0.5935415908148572
0.5958169713489795
0.598084753469963
0.6004010220079221
0.6027414893891995
0.6050300128044501
0.6074437167356754
0.6098474800169111
0.6122344745799091
0.6146839751321527
0.6171076437053056
0.6195944915716229
0.6220615172512215
0.6245763667931777
0.6271167298005444
0.6296596185775177
0.6322438125503377
0.634849370878618
0.6374643634327223
0.640117548122827
0.6427903431102956
0.645477774551181
0.6482051735132737
0.6509496964034889
0.6537114720942743
0.6565159964932327
0.6593340783013818
0.6621739018028641
0.6650590685000027
0.6679514801208849
0.6708733019359743
0.673853371974928
0.6768201437299
0.6798373641932028
0.6828555726537027
0.6859538127576708
0.6890281825467455
0.6921067159254289
0.6953180748822909
0.698506046698652
0.701711920355745
0.7049738931540184
0.7082588463479715
0.7115690568863945
0.7149275980176418
0.7183079285183469
0.7217201808168126
0.7251789826161614
0.7286623317913813
0.732182192944581
0.735748596169822
0.7393409254263477
0.7429705160059737
0.7466475007191208
0.7503559470853465
0.7541012429438991
0.7578966178050291
0.7617246306443289
0.7655883252191822
0.7695101211794583
0.773466307334895
0.7774509191781988
0.781504442473842
0.7856161255504672
0.7897516242610584
0.7939078220672203
0.7981393712284721
0.8024084512458751
0.8066965595892771
0.8110671185870977
0.8155035045058253
0.8199664343770233
0.8244804708583102
0.829067484239896
0.8336917339056624
0.8383646687424893
0.8431115721540426
0.847903902090056
0.8527464537834625
0.8576645584289164
0.8626328641439476
0.8676528175484653
0.8727512694021717
0.8779066779259681
0.8831149035727406
0.8884032637365141
0.8937574063350628
0.899161085153277
0.904655522502811
0.9102215077030743
0.9158251337380728
0.9215149852114188
0.9272993697653121
0.9331386204825626
0.9390644453349779
0.9450929634635322
0.9511968768316086
0.957360652716839
0.9636098937194684
0.9699520175909749
0.9763790227988918
0.9828935386120843
0.9895013877342601
0.9962041524299796
1.0029973830145034
1.0098890253829889
1.0168815794103263
1.0239759530703902
1.0311710573351824
1.03847234435908
1.0458859411005264
1.05340729865321
1.06103839996642
1.0687921027218883
1.0766626784460218
1.0846450663852143
1.092765334960826
1.1010133480434372
1.1093691705405182
1.117874907007761
1.1265759049520712
1.135274168712541
1.1442202921230984
1.1532478911881232
1.1624689133987585
1.1718394882726866
1.181346171169589
1.1910945579562293
1.200941832474799
1.210941949556798
1.2211802164439007
1.2315582060684847
1.2420986103756175
1.2528835882922564
1.2638327470772646
1.2749575581759764
1.2863408950294677
1.2979099816649782
1.3096662978057567
1.3217042504579513
1.3339461265003172
1.3463904596274254
1.3591412296028715
1.372116692525761
1.3853103432522649
1.3988458164533293
1.4126241638294101
1.4266154185992093
1.4410249817661063
1.455657617719815
1.470629775194109
1.4859734520872374
1.5015439250103386
1.5176073766503326
1.533843043497746
1.5505430531924158
1.5676376904700933
1.5850790887500186
1.602966639279502
1.6212745980304248
1.6400022126699738
1.6592066909052459
1.678877594299888
1.69903075481595
1.719710452667363
1.740908892406587
1.7626549843289356
1.784992066490181
1.807912088001824
1.8314511342963913
1.855656558743789
1.880524969888853
1.9060897943947124
1.93241955737222
1.9595037457813402
1.987370709868733
2.0161273692448045
2.0457599673792286
2.0762298062851534
2.107693839737989
2.140273598830171
2.1738963085928162
2.2086150846967088
2.2445925123144344
2.2818135135658992
2.3202625164443775
2.3601298989450687
2.401519258238205
2.44442096759577
2.4889696792375813
2.535318198985726
2.5834924319929944
2.6336377988975257
2.6859355240521507
2.740454333112951
2.7973646103994656
2.856892096483329
2.919153323828387
2.984357203699077
3.052795468905129
3.1246506289883103
3.2001907155081035
3.2798018751664473
3.3637632655688017
3.452419142151759
3.546329977208277
3.645940903521798
3.751687660765739
3.864274019545746
3.984454022204619
4.112934011747912
4.250676200928068
4.398906903580182
4.558832174769631
4.731868728273083
4.919827820274282
5.1248035615388545
5.3492594160934654
5.596237028606181
5.869435419177541
6.17337641061411
6.513737309239836
6.897704363534015
7.3344586224838535
7.836015137235144
8.418365173930377
9.103249473943485
9.921089629240667
10.915790262256843
12.153204892830693
13.737067221615526
15.841202042381264
18.782017959223367
23.20649959875289
30.692004400290617
46.44698881887513
105.25905314268579
207.14513017629838
36.53993381037455
25.76978586443848
263.48186912045895
45.819147492466215
28.610212336969635
21.572600962614843
17.61582436079264
15.06862084899948
13.311525242053662
12.05708005352875
11.153251250554604
10.513111532225704
10.085085653106136
9.838873148489299
